Epoch: 0, gbest_position: tensor([[700.00000, 700.00000, 369.96194,   0.00000,   0.00000],
        [700.00000, 483.27209, 700.00000, 700.00000, 518.11066],
        [597.69495, 700.00000,   0.00000,   0.00000,  44.11144],
        [651.77045, 354.22906, 699.85046, 700.00000,   0.00000],
        [700.00000,   2.15285,   0.00000,   0.00000, 700.00000],
        [  0.00000, 700.00000, 683.34424,   7.66468,   0.00000],
        [  0.00000, 700.00000, 700.00000,   0.00000, 700.00000],
        [681.20068,   0.00000,   0.00000, 230.45255, 557.29144],
        [683.07880, 185.95831, 634.41797,  20.62042, 700.00000],
        [565.39868, 197.49850, 700.00000,   0.00000, 145.74130],
        [536.52344,   0.00000, 414.67725, 638.03882, 700.00000],
        [699.97205,   0.00000, 700.00000, 379.51846, 565.28064]], device='cuda:0')
Epoch: 1, gbest_position: tensor([[700.00000, 700.00000, 277.91760,   0.00000,   0.00000],
        [700.00000, 517.28381, 700.00000, 700.00000, 534.59778],
        [584.93695, 700.00000,   0.00000,   0.00000,  40.83566],
        [647.32385, 294.31567, 699.83954, 700.00000,   0.00000],
        [700.00000,   0.70507,   0.00000,   0.00000, 700.00000],
        [  0.00000, 700.00000, 683.93530,   8.39453,   0.00000],
        [  0.00000, 700.00000, 700.00000,   0.00000, 700.00000],
        [681.84161,   0.00000,   0.00000, 270.83047, 486.59805],
        [682.78223, 176.00772, 636.36053,  22.54928, 700.00000],
        [543.34448, 238.49942, 700.00000,   0.00000, 139.42673],
        [545.55835,   0.00000, 427.98892, 624.76978, 700.00000],
        [699.96362,   0.00000, 700.00000, 394.08017, 571.69287]], device='cuda:0')
