Epoch: 0, gbest_position: tensor([[700.00000, 700.00000, 700.00000, 700.00000, 700.00000],
        [260.80063,   0.00000,   0.00000,   0.00000,   0.00000],
        [700.00000, 700.00000, 700.00000,   0.00000,   0.00000],
        [700.00000,   0.00000, 102.29209,   0.00000, 253.92104],
        [226.26855,   0.00000, 204.02240,   0.00000, 700.00000],
        [433.92609,   0.00000, 684.82684, 700.00000, 252.66876],
        [444.41672,   0.00000, 700.00000,   0.00000, 700.00000],
        [310.48691,   0.00000, 700.00000,   0.00000,   0.00000]], device='cuda:0')
Epoch: 1, gbest_position: tensor([[700.00000, 700.00000, 700.00000, 700.00000, 700.00000],
        [247.14339,   0.00000,   0.00000,   6.26090,   0.00000],
        [700.00000, 700.00000, 700.00000,   0.00000,  14.12168],
        [663.27753,  39.35304, 123.00902,   8.40236, 267.40982],
        [260.96774,   0.00000, 184.57198,   0.00000, 689.48645],
        [436.58063,   0.00000, 678.55920, 700.00000, 282.78577],
        [462.75958,   0.00000, 700.00000,   0.00000, 700.00000],
        [314.00256,   0.00000, 700.00000,   0.00000,   0.00000]], device='cuda:0')
Epoch: 2, gbest_position: tensor([[700.00000, 700.00000, 700.00000, 700.00000, 700.00000],
        [247.14339,   0.00000,   0.00000,   6.26090,   0.00000],
        [700.00000, 700.00000, 700.00000,   0.00000,  14.12168],
        [663.27753,  39.35304, 123.00902,   8.40236, 267.40982],
        [260.96774,   0.00000, 184.57198,   0.00000, 689.48645],
        [436.58063,   0.00000, 678.55920, 700.00000, 282.78577],
        [462.75958,   0.00000, 700.00000,   0.00000, 700.00000],
        [314.00256,   0.00000, 700.00000,   0.00000,   0.00000]], device='cuda:0')
