Epoch: 0, gbest_position: tensor([[354.41794, 483.46146,  47.77419, 667.16058, 632.80481],
        [400.99527, 333.38171, 464.83942,  22.72788, 222.21909],
        [460.20703, 509.20877, 287.70346, 389.35223, 489.27686],
        [455.01001, 227.05267, 338.97299, 644.68121, 265.61053],
        [563.75909, 274.88501, 465.03159, 425.32040, 470.04529],
        [ 30.18596, 201.14371, 267.97318, 362.06223, 677.83301],
        [ 16.10493, 190.95059, 221.42401, 695.26288, 561.59912],
        [661.02026, 368.35538,  28.92921,  35.85462, 358.59457],
        [258.33005,  59.87283, 659.35449, 249.36774, 575.57672],
        [662.68115,  34.01614, 330.28033, 356.41550, 663.87079]], device='cuda:0')
Epoch: 1, gbest_position: tensor([[434.60690, 473.23517,  66.64682, 658.92328, 621.72919],
        [475.84329, 181.97731, 438.70361,  42.53031, 145.44824],
        [557.81360, 481.66949, 301.60242, 250.13504, 486.55969],
        [475.39020, 153.89401, 479.59796, 656.93677, 313.32068],
        [563.55505, 357.01794, 415.14145, 517.71411, 439.68399],
        [ 42.81420, 175.13602, 408.88480, 451.62869, 645.30908],
        [ 19.58222, 103.01709, 233.56038, 675.81891, 583.25226],
        [644.71075, 260.38660,  18.85740,  43.33541, 465.05591],
        [326.37036, 105.86214, 614.00793, 211.96519, 571.25134],
        [652.08936,  28.89998, 349.42282, 426.48660, 653.63672]], device='cuda:0')
Epoch: 2, gbest_position: tensor([[434.60690, 473.23517,  66.64682, 658.92328, 621.72919],
        [475.84329, 181.97731, 438.70361,  42.53031, 145.44824],
        [557.81360, 481.66949, 301.60242, 250.13504, 486.55969],
        [475.39020, 153.89401, 479.59796, 656.93677, 313.32068],
        [563.55505, 357.01794, 415.14145, 517.71411, 439.68399],
        [ 42.81420, 175.13602, 408.88480, 451.62869, 645.30908],
        [ 19.58222, 103.01709, 233.56038, 675.81891, 583.25226],
        [644.71075, 260.38660,  18.85740,  43.33541, 465.05591],
        [326.37036, 105.86214, 614.00793, 211.96519, 571.25134],
        [652.08936,  28.89998, 349.42282, 426.48660, 653.63672]], device='cuda:0')
