####### 4 Lights 2 colors ##########

Epoch: 0, gbest_position: tensor([[ 98.67153, 272.29736, 278.45135, 299.58072, 451.76862],
        [303.04291, 228.81032, 247.61002, 232.41660, 311.03391],
        [558.71790, 152.38716, 329.00449, 350.98282, 363.94135],
        [353.80670, 607.95703, 386.81552, 458.26819, 451.73495]], device='cuda:0')
Epoch: 1, gbest_position: tensor([[ 65.65521, 238.15024, 215.99721, 217.82669, 491.92017],
        [338.92493,  92.44147, 201.59357, 231.03862, 417.96069],
        [634.64252,   3.13321, 310.55746, 234.55453, 391.92825],
        [298.34570, 699.13153, 272.92621, 586.11182, 489.47708]], device='cuda:0')
Epoch: 2, gbest_position: tensor([[ 65.65521, 238.15024, 215.99721, 217.82669, 491.92017],
        [338.92493,  92.44147, 201.59357, 231.03862, 417.96069],
        [634.64252,   3.13321, 310.55746, 234.55453, 391.92825],
        [298.34570, 699.13153, 272.92621, 586.11182, 489.47708]], device='cuda:0')



####### 4 Lights 3 colors ##########

Epoch: 0, gbest_position: tensor([[  0.00000,   0.00000, 700.00000, 700.00000, 211.86151],
        [  0.00000, 700.00000, 700.00000, 700.00000, 700.00000],
        [  0.00000, 288.74420, 700.00000, 700.00000, 700.00000],
        [700.00000,   0.00000, 700.00000, 700.00000, 700.00000]], device='cuda:0')
Epoch: 1, gbest_position: tensor([[  0.00000,   0.00000, 700.00000, 700.00000, 229.16975],
        [  0.00000, 700.00000, 700.00000, 700.00000, 700.00000],
        [  0.00000, 153.75259, 700.00000, 700.00000, 700.00000],
        [700.00000,   0.00000, 700.00000, 700.00000, 700.00000]], device='cuda:0')
Epoch: 2, gbest_position: tensor([[  0.00000,   0.00000, 700.00000, 700.00000, 229.16975],
        [  0.00000, 700.00000, 700.00000, 700.00000, 700.00000],
        [  0.00000, 153.75259, 700.00000, 700.00000, 700.00000],
        [700.00000,   0.00000, 700.00000, 700.00000, 700.00000]], device='cuda:0')

####### 4 Lights 4 colors ##########

Epoch: 0, gbest_position: tensor([[481.12723, 138.48888,  64.09076,  17.87101, 627.85010],
        [ 42.27101,  59.31174, 116.64037, 106.55841, 623.13629],
        [457.52936, 365.29285,  38.04352,  90.41278, 137.57884],
        [ 49.67398, 609.49249, 310.31436, 249.18826,  53.09982]], device='cuda:0')
Epoch: 1, gbest_position: tensor([[310.91528, 209.88977,  78.74294,   3.33849, 583.34692],
        [  5.73086,   9.45371, 119.66342, 167.68694, 633.60779],
        [281.53094, 530.01898,   3.56350,  76.00394, 102.79604],
        [  5.48924, 554.21851, 412.56650, 177.89479,   5.36656]], device='cuda:0')
Epoch: 2, gbest_position: tensor([[310.91528, 209.88977,  78.74294,   3.33849, 583.34692],
        [  5.73086,   9.45371, 119.66342, 167.68694, 633.60779],
        [281.53094, 530.01898,   3.56350,  76.00394, 102.79604],
        [  5.48924, 554.21851, 412.56650, 177.89479,   5.36656]], device='cuda:0')


####### 6 Lights 1 color ##########

Epoch: 0, gbest_position: tensor([[700.00000, 700.00000, 700.00000, 700.00000,   0.00000],
        [700.00000,   0.00000, 700.00000, 688.80750, 700.00000],
        [700.00000,   0.00000, 379.05002,   0.00000,  10.96455],
        [700.00000,   0.00000,   0.00000, 700.00000, 700.00000],
        [700.00000,   0.00000, 700.00000, 320.08994,   0.00000],
        [700.00000,   0.00000,   0.00000,   0.00000,   0.00000]], device='cuda:0')
Epoch: 1, gbest_position: tensor([[700.00000, 567.38666, 700.00000, 490.63315, 180.57510],
        [598.32227,   0.00000, 700.00000, 700.00000, 700.00000],
        [700.00000,  14.73387,   0.00000,   0.00000,   1.45626],
        [602.28448,   0.00000,  44.70379, 700.00000, 700.00000],
        [700.00000,  78.38559, 676.65326,  88.04021,   0.00000],
        [669.56860,   0.00000, 233.81316,  48.04415, 103.88859]], device='cuda:0')
Epoch: 2, gbest_position: tensor([[700.00000, 601.23572, 700.00000, 525.73401, 140.38483],
        [559.18250,   0.00000, 700.00000, 700.00000, 700.00000],
        [700.00000,   8.33522,   0.00000,   0.00000,   0.00000],
        [626.31055,   0.00000,  19.07425, 700.00000, 700.00000],
        [700.00000,  62.51238, 680.22443,  49.61754,   0.00000],
        [662.58112,   0.00000, 269.48962,  55.41019,  78.46021]], device='cuda:0')


####### 6 Lights 2 colors ##########

Epoch: 0, gbest_position: tensor([[ 40.79682, 467.24475,   0.00000,  40.19005, 489.89783],
        [261.26782, 535.70056, 437.30176, 388.42685, 313.90814],
        [527.87427,   0.00000, 700.00000, 700.00000,   0.00000],
        [188.86557, 287.75229,   6.50992,   0.00000, 517.85815],
        [700.00000, 586.80066, 660.73108, 451.40863, 211.47581],
        [700.00000, 159.03056, 178.68372, 130.51100, 354.16043]], device='cuda:0')
Epoch: 1, gbest_position: tensor([[ 18.52852, 345.84735,  40.48694,  98.13603,  87.61710],
        [192.28558, 358.14493, 305.36475, 407.22607, 567.68713],
        [344.06720,  12.64128, 657.07477, 695.89917,  31.56137],
        [143.55865, 176.99081,  79.01099,  23.37534, 257.37524],
        [688.64185, 525.16626, 590.88263, 621.77417, 252.22925],
        [670.29871, 246.52765, 128.68019, 247.38550, 401.12177]], device='cuda:0')
Epoch: 2, gbest_position: tensor([[ 18.52852, 345.84735,  40.48694,  98.13603,  87.61710],
        [192.28558, 358.14493, 305.36475, 407.22607, 567.68713],
        [344.06720,  12.64128, 657.07477, 695.89917,  31.56137],
        [143.55865, 176.99081,  79.01099,  23.37534, 257.37524],
        [688.64185, 525.16626, 590.88263, 621.77417, 252.22925],
        [670.29871, 246.52765, 128.68019, 247.38550, 401.12177]], device='cuda:0')
