Epoch: 0, gbest_position: tensor([[131.25098, 605.80847, 251.07864, 389.30499,  88.26495],
        [ 68.27954, 461.53345, 550.50330, 641.60315, 366.60501],
        [ 65.97760,  19.37104, 236.06079, 604.64111, 265.66663],
        [639.49091, 413.76422, 476.71704, 652.17773, 286.91544],
        [ 59.82249, 294.00168, 403.29285, 217.48154, 319.58978],
        [341.38782, 154.15948,  90.78858, 394.39883, 562.02795],
        [446.36758, 161.77356, 232.92334, 364.41895, 390.27692],
        [248.59634, 330.09662, 645.89319, 700.00000,   4.08611]], device='cuda:0')
Epoch: 1, gbest_position: tensor([[177.07645, 602.00909, 224.19006, 289.79086, 109.27945],
        [ 97.21277, 385.85513, 513.55981, 616.62939, 439.21335],
        [ 98.14435,  29.68754, 229.15749, 580.11639, 140.00055],
        [625.02802, 412.14139, 432.48709, 641.69830, 301.78165],
        [ 86.27985, 359.86203, 494.14975, 270.07892, 241.47076],
        [281.05957, 212.51675, 135.87057, 472.44354, 499.49457],
        [374.85529, 236.25003, 294.17340, 418.00412, 316.52286],
        [189.19034, 347.48175, 658.55042, 700.00000,   5.09157]], device='cuda:0')
Epoch: 2, gbest_position: tensor([[177.07645, 602.00909, 224.19006, 289.79086, 109.27945],
        [ 97.21277, 385.85513, 513.55981, 616.62939, 439.21335],
        [ 98.14435,  29.68754, 229.15749, 580.11639, 140.00055],
        [625.02802, 412.14139, 432.48709, 641.69830, 301.78165],
        [ 86.27985, 359.86203, 494.14975, 270.07892, 241.47076],
        [281.05957, 212.51675, 135.87057, 472.44354, 499.49457],
        [374.85529, 236.25003, 294.17340, 418.00412, 316.52286],
        [189.19034, 347.48175, 658.55042, 700.00000,   5.09157]], device='cuda:0')
