Epoch: 0, gbest_position: tensor([[7.00000e+02, 7.41049e+01, 6.47644e+01, 0.00000e+00, 0.00000e+00],
        [7.00000e+02, 2.66652e+00, 3.20655e+02, 0.00000e+00, 4.60943e+02],
        [6.86409e+02, 0.00000e+00, 3.96106e+00, 2.12382e+00, 0.00000e+00],
        [7.00000e+02, 5.39995e-01, 6.96250e+02, 6.89693e+02, 7.00000e+02]], device='cuda:0')
Epoch: 1, gbest_position: tensor([[7.00000e+02, 1.10409e+02, 1.06743e+02, 0.00000e+00, 9.66052e-02],
        [6.80843e+02, 8.96783e+00, 1.62616e+02, 0.00000e+00, 6.02928e+02],
        [6.56339e+02, 0.00000e+00, 3.79022e+00, 6.43234e+00, 1.04449e+01],
        [7.00000e+02, 1.70188e+00, 6.89202e+02, 6.66538e+02, 7.00000e+02]], device='cuda:0')
Epoch: 2, gbest_position: tensor([[7.00000e+02, 1.10409e+02, 1.06743e+02, 0.00000e+00, 9.66052e-02],
        [6.80843e+02, 8.96783e+00, 1.62616e+02, 0.00000e+00, 6.02928e+02],
        [6.56339e+02, 0.00000e+00, 3.79022e+00, 6.43234e+00, 1.04449e+01],
        [7.00000e+02, 1.70188e+00, 6.89202e+02, 6.66538e+02, 7.00000e+02]], device='cuda:0')
