Epoch: 0, gbest_position: tensor([[265.81100, 291.59814, 244.01663, 153.65369, 385.81647],
        [654.76062, 455.31982, 525.22620, 238.38025, 312.89612],
        [429.15674, 494.22131, 148.55061,  62.93058, 475.65564],
        [553.74109, 581.47644, 158.29375, 239.58223, 310.35291],
        [490.35983, 221.30107, 392.43195, 586.54919, 431.35715],
        [209.33191,  54.65705, 481.33032, 388.19464,  59.33251],
        [406.17566, 176.10388, 400.54477, 540.00494, 543.81860],
        [ 85.05422, 406.97992, 516.64807, 499.71909, 153.72575],
        [548.98132,  88.03282, 217.79977, 204.24988, 239.12967],
        [290.02435, 574.56146, 380.34616, 193.68744, 309.83594],
        [314.46057, 425.18448, 238.44235, 529.20264, 123.64086],
        [563.98865, 171.47571, 462.85852, 385.26013, 439.22195]], device='cuda:0')
Epoch: 1, gbest_position: tensor([[265.67859, 264.71558, 243.91011, 153.18896, 386.03357],
        [655.33179, 454.88202, 525.78436, 237.21642, 311.99890],
        [429.63113, 515.07111, 146.35255,  62.89038, 475.43903],
        [554.01794, 581.95300, 158.70601, 239.92661, 310.70688],
        [490.63019, 213.77676, 392.69781, 586.67810, 431.02768],
        [208.13005,  54.39428, 481.00122, 388.74091,  59.37832],
        [406.53040, 162.73692, 400.34003, 540.48242, 543.80103],
        [ 85.19575, 407.13043, 546.41949, 500.11197, 153.72002],
        [562.83594,  87.71990, 217.35692, 203.90578, 237.77414],
        [251.06010, 591.97742, 380.52341, 179.75826, 309.29077],
        [313.85315, 425.11026, 238.47598, 529.46973, 123.68333],
        [564.37463, 172.06479, 462.53278, 404.11426, 449.94348]], device='cuda:0')
Epoch: 2, gbest_position: tensor([[265.67859, 264.71558, 243.91011, 153.18896, 386.03357],
        [655.33179, 454.88202, 525.78436, 237.21642, 311.99890],
        [429.63113, 515.07111, 146.35255,  62.89038, 475.43903],
        [554.01794, 581.95300, 158.70601, 239.92661, 310.70688],
        [490.63019, 213.77676, 392.69781, 586.67810, 431.02768],
        [208.13005,  54.39428, 481.00122, 388.74091,  59.37832],
        [406.53040, 162.73692, 400.34003, 540.48242, 543.80103],
        [ 85.19575, 407.13043, 546.41949, 500.11197, 153.72002],
        [562.83594,  87.71990, 217.35692, 203.90578, 237.77414],
        [251.06010, 591.97742, 380.52341, 179.75826, 309.29077],
        [313.85315, 425.11026, 238.47598, 529.46973, 123.68333],
        [564.37463, 172.06479, 462.53278, 404.11426, 449.94348]], device='cuda:0')
