Epoch: 0, gbest_position: tensor([[7.00000e+02, 1.44433e-01, 0.00000e+00, 0.00000e+00, 1.15394e+02],
        [0.00000e+00, 6.99608e+02, 7.00000e+02, 1.75244e+02, 3.47362e+02],
        [7.00000e+02, 4.55404e+02, 6.67526e+01, 0.00000e+00, 3.34170e+01],
        [5.51389e+02, 9.90217e+01, 5.65748e+02, 4.20068e+02, 6.99886e+02],
        [7.00000e+02, 1.72712e+02, 6.46524e+02, 7.00000e+02, 7.00000e+02],
        [1.68075e+02, 0.00000e+00, 2.27859e+02, 6.17953e+02, 0.00000e+00],
        [6.92665e+02, 7.00000e+02, 6.61202e+02, 6.80606e+02, 7.00000e+02],
        [6.73283e+02, 0.00000e+00, 0.00000e+00, 6.99988e+02, 2.32777e+02],
        [2.91110e+02, 0.00000e+00, 6.32723e+02, 0.00000e+00, 2.97051e+02],
        [5.00365e+02, 1.08481e+02, 0.00000e+00, 7.00000e+02, 1.89955e+02]], device='cuda:0')
Epoch: 1, gbest_position: tensor([[700.00000,   0.00000,   0.00000,   0.00000, 112.55931],
        [  0.00000, 700.00000, 700.00000, 161.49377, 371.85754],
        [700.00000, 459.92590,  78.51701,   0.00000,  36.51109],
        [562.55029,  93.40041, 588.06299, 441.39093, 700.00000],
        [700.00000, 174.53001, 654.48395, 700.00000, 700.00000],
        [181.55612,   0.00000, 288.61481, 518.25763,   0.00000],
        [700.00000, 700.00000, 673.32477, 679.39014, 700.00000],
        [655.04303,   0.00000,   0.00000, 700.00000, 211.03737],
        [327.46930,   0.00000, 630.89307,   0.00000, 284.01202],
        [510.97943, 100.33809,   0.00000, 700.00000, 165.88466]], device='cuda:0')
Epoch: 2, gbest_position: tensor([[700.00000,   0.00000,   0.00000,   0.00000, 112.55931],
        [  0.00000, 700.00000, 700.00000, 161.49377, 371.85754],
        [700.00000, 459.92590,  78.51701,   0.00000,  36.51109],
        [562.55029,  93.40041, 588.06299, 441.39093, 700.00000],
        [700.00000, 174.53001, 654.48395, 700.00000, 700.00000],
        [181.55612,   0.00000, 288.61481, 518.25763,   0.00000],
        [700.00000, 700.00000, 673.32477, 679.39014, 700.00000],
        [655.04303,   0.00000,   0.00000, 700.00000, 211.03737],
        [327.46930,   0.00000, 630.89307,   0.00000, 284.01202],
        [510.97943, 100.33809,   0.00000, 700.00000, 165.88466]], device='cuda:0')
