Epoch: 0, gbest_position: tensor([[  2.29712, 472.29919, 437.94189, 394.21964, 207.78860],
        [  0.00000,  96.12404, 395.67944, 365.90384, 615.19208],
        [602.13873, 369.93677,   2.40978,  38.14558, 678.02814],
        [574.30511, 339.67920,   4.43476, 537.06439, 176.74939],
        [654.92145, 284.87546, 280.39642, 370.52490, 365.27695],
        [700.00000, 632.37091, 474.04419, 519.80652, 476.22443],
        [197.63446, 121.99033,   0.00000,   6.73637, 383.17606],
        [486.33423, 313.53619, 469.98792, 239.31010, 700.00000]], device='cuda:0')
Epoch: 1, gbest_position: tensor([[ 50.90944, 211.22223, 334.17624, 494.32086, 441.49780],
        [ 17.34793, 122.98173, 430.39856, 271.48737, 401.99261],
        [368.39929, 200.29063,  80.89394, 148.78828, 518.34143],
        [259.01447, 499.33948, 173.38342, 267.48444, 419.11987],
        [466.84079, 591.41681, 488.50992, 510.52618, 266.54636],
        [622.56958, 370.76129, 646.65137, 321.91489, 233.78720],
        [ 62.77402, 255.32803,  25.64966, 158.12030, 541.55371],
        [254.34961, 568.99567, 471.40210, 200.97287, 605.54578]], device='cuda:0')
Epoch: 2, gbest_position: tensor([[ 50.90944, 211.22223, 334.17624, 494.32086, 441.49780],
        [ 17.34793, 122.98173, 430.39856, 271.48737, 401.99261],
        [368.39929, 200.29063,  80.89394, 148.78828, 518.34143],
        [259.01447, 499.33948, 173.38342, 267.48444, 419.11987],
        [466.84079, 591.41681, 488.50992, 510.52618, 266.54636],
        [622.56958, 370.76129, 646.65137, 321.91489, 233.78720],
        [ 62.77402, 255.32803,  25.64966, 158.12030, 541.55371],
        [254.34961, 568.99567, 471.40210, 200.97287, 605.54578]], device='cuda:0')
