Epoch: 0, gbest_position: tensor([[618.24347, 100.58005,  78.31058, 281.71448, 173.80670],
        [519.45569, 396.80902, 579.72009, 437.46338, 651.32312],
        [ 50.28566, 644.07874, 391.11505, 336.41296, 475.60553],
        [599.46527, 168.69968,  78.66579,  91.88228,  52.36601],
        [130.07542,  67.06511, 522.79962, 485.88379, 537.88159],
        [162.04312, 155.62463, 293.74451, 495.65985, 513.71796]], device='cuda:0')
Epoch: 1, gbest_position: tensor([[653.99365,  77.86400,  51.07722, 135.39290, 144.59338],
        [571.81830, 368.12097, 607.25745, 500.36200, 665.59772],
        [ 30.05737, 658.01129, 436.57257, 254.80228, 569.79382],
        [630.36163,  87.96242,  56.13287,  50.22895,  43.29426],
        [ 73.02319,  50.75113, 441.62473, 620.45520, 571.17755],
        [131.18933,  85.96373, 248.49147, 585.05963, 585.43701]], device='cuda:0')
Epoch: 2, gbest_position: tensor([[653.99365,  77.86400,  51.07722, 135.39290, 144.59338],
        [571.81830, 368.12097, 607.25745, 500.36200, 665.59772],
        [ 30.05737, 658.01129, 436.57257, 254.80228, 569.79382],
        [630.36163,  87.96242,  56.13287,  50.22895,  43.29426],
        [ 73.02319,  50.75113, 441.62473, 620.45520, 571.17755],
        [131.18933,  85.96373, 248.49147, 585.05963, 585.43701]], device='cuda:0')
