Epoch: 0, gbest_position: tensor([[700.00000, 700.00000, 206.82388,  14.49852,  26.56157],
        [700.00000, 700.00000, 368.53357, 636.68280, 633.17212],
        [  0.00000,   0.00000, 700.00000, 700.00000,  15.92994],
        [  0.00000,   0.00000, 124.14699, 349.97211, 700.00000],
        [700.00000,   0.00000, 256.11301,   0.00000, 700.00000],
        [  0.00000,   0.00000,   0.00000,   0.00000, 610.77698]], device='cuda:0')
Epoch: 1, gbest_position: tensor([[7.00000e+02, 7.00000e+02, 3.55878e+02, 2.67366e+01, 3.82027e+01],
        [6.64285e+02, 7.00000e+02, 6.36712e+02, 7.00000e+02, 7.00000e+02],
        [0.00000e+00, 0.00000e+00, 7.00000e+02, 7.00000e+02, 3.75071e+01],
        [0.00000e+00, 0.00000e+00, 0.00000e+00, 1.75927e+02, 7.00000e+02],
        [7.00000e+02, 6.58678e+01, 0.00000e+00, 7.42376e-02, 7.00000e+02],
        [0.00000e+00, 0.00000e+00, 0.00000e+00, 0.00000e+00, 6.52816e+02]], device='cuda:0')
Epoch: 2, gbest_position: tensor([[7.00000e+02, 7.00000e+02, 3.55878e+02, 2.67366e+01, 3.82027e+01],
        [6.64285e+02, 7.00000e+02, 6.36712e+02, 7.00000e+02, 7.00000e+02],
        [0.00000e+00, 0.00000e+00, 7.00000e+02, 7.00000e+02, 3.75071e+01],
        [0.00000e+00, 0.00000e+00, 0.00000e+00, 1.75927e+02, 7.00000e+02],
        [7.00000e+02, 6.58678e+01, 0.00000e+00, 7.42376e-02, 7.00000e+02],
        [0.00000e+00, 0.00000e+00, 0.00000e+00, 0.00000e+00, 6.52816e+02]], device='cuda:0')
