Epoch: 0, gbest_position: tensor([[233.42827, 478.23141, 204.35033, 306.76614, 112.65260],
        [246.95741, 231.95209, 243.81281, 304.11002, 340.81335],
        [  6.54239, 694.77936, 297.49823, 348.54385, 289.84555],
        [569.30829, 195.97914, 548.04791,  48.81117, 555.32043],
        [700.00000, 214.44818, 372.85358, 431.15048, 428.92871],
        [125.04970, 147.64934,  35.09853, 593.91681,  52.71009],
        [600.39532, 171.87862, 233.21176, 135.66980, 535.16278],
        [603.89026, 475.77255, 390.81442, 376.24838, 443.36176],
        [406.90976, 257.63470, 135.51813, 119.20465, 287.63928],
        [590.99054, 600.15985, 131.25201, 385.32047, 291.98264]], device='cuda:0')
Epoch: 1, gbest_position: tensor([[171.72475, 438.01559, 205.01587, 273.59644, 139.85002],
        [219.94341, 298.36441, 273.33725, 343.95349, 298.82840],
        [  4.26937, 696.59137, 260.41394, 448.08313, 298.30450],
        [601.78552, 237.72952, 518.50378,  43.49548, 518.36945],
        [700.00000, 280.41446, 377.56342, 464.05051, 371.41907],
        [159.81523, 178.07115,  22.83858, 567.78796,  34.30641],
        [628.48010, 208.24493, 281.53702,  96.46114, 592.59540],
        [565.61377, 519.46173, 446.72980, 363.22382, 500.15259],
        [417.71301, 297.74887, 177.92203, 136.82211, 292.79565],
        [615.97839, 582.89709, 175.83571, 321.95026, 387.27197]], device='cuda:0')
Epoch: 2, gbest_position: tensor([[171.72475, 438.01559, 205.01587, 273.59644, 139.85002],
        [219.94341, 298.36441, 273.33725, 343.95349, 298.82840],
        [  4.26937, 696.59137, 260.41394, 448.08313, 298.30450],
        [601.78552, 237.72952, 518.50378,  43.49548, 518.36945],
        [700.00000, 280.41446, 377.56342, 464.05051, 371.41907],
        [159.81523, 178.07115,  22.83858, 567.78796,  34.30641],
        [628.48010, 208.24493, 281.53702,  96.46114, 592.59540],
        [565.61377, 519.46173, 446.72980, 363.22382, 500.15259],
        [417.71301, 297.74887, 177.92203, 136.82211, 292.79565],
        [615.97839, 582.89709, 175.83571, 321.95026, 387.27197]], device='cuda:0')
