Epoch: 0, gbest_position: tensor([[164.04979, 220.63776, 207.73389, 341.54095, 414.96289],
        [143.89697, 239.22530, 405.98019, 333.28424, 341.91245],
        [177.40913, 249.68530, 117.39522, 358.34894, 339.78906],
        [501.82544, 253.73083, 491.15717, 334.41275, 199.65569],
        [451.82690, 465.66092, 316.85379, 475.35904, 116.92119],
        [607.71783, 374.75415, 336.56030, 313.59045, 161.38261],
        [183.61008, 661.34912, 318.64465, 420.47290,  65.92001],
        [ 71.58841, 577.21722, 407.27612, 452.78192, 471.30023]], device='cuda:0')
Epoch: 1, gbest_position: tensor([[ 58.19293,  82.46193,  84.42651, 381.64108, 479.44363],
        [138.41039, 289.80627, 316.91061, 257.82547, 397.10165],
        [225.24083, 296.61655,  83.44356, 473.82474, 329.48117],
        [501.57956, 171.70120, 513.53802, 317.79935, 217.63695],
        [430.71594, 607.15967, 275.62048, 415.38104, 138.12094],
        [659.24438, 441.24774, 244.19345, 191.92107,  58.21321],
        [ 81.67085, 651.83881, 400.92667, 325.28970,  23.08279],
        [ 93.88927, 570.84888, 545.78381, 585.55591, 459.11783]], device='cuda:0')
Epoch: 2, gbest_position: tensor([[ 58.19293,  82.46193,  84.42651, 381.64108, 479.44363],
        [138.41039, 289.80627, 316.91061, 257.82547, 397.10165],
        [225.24083, 296.61655,  83.44356, 473.82474, 329.48117],
        [501.57956, 171.70120, 513.53802, 317.79935, 217.63695],
        [430.71594, 607.15967, 275.62048, 415.38104, 138.12094],
        [659.24438, 441.24774, 244.19345, 191.92107,  58.21321],
        [ 81.67085, 651.83881, 400.92667, 325.28970,  23.08279],
        [ 93.88927, 570.84888, 545.78381, 585.55591, 459.11783]], device='cuda:0')
