Epoch: 2, gbest_position: tensor([[700.00000, 700.00000, 277.91760,   0.00000,   0.00000],
        [700.00000, 517.28381, 700.00000, 700.00000, 534.59778],
        [584.93695, 700.00000,   0.00000,   0.00000,  40.83566],
        [647.32385, 294.31567, 699.83954, 700.00000,   0.00000],
        [700.00000,   0.70507,   0.00000,   0.00000, 700.00000],
        [  0.00000, 700.00000, 683.93530,   8.39453,   0.00000],
        [  0.00000, 700.00000, 700.00000,   0.00000, 700.00000],
        [681.84161,   0.00000,   0.00000, 270.83047, 486.59805],
        [682.78223, 176.00772, 636.36053,  22.54928, 700.00000],
        [543.34448, 238.49942, 700.00000,   0.00000, 139.42673],
        [545.55835,   0.00000, 427.98892, 624.76978, 700.00000],
        [699.96362,   0.00000, 700.00000, 394.08017, 571.69287]], device='cuda:0')
Epoch: 0, gbest_position: tensor([[ 36.79662, 137.12637, 361.11331, 415.10086, 359.32428],
        [524.99915, 558.32349, 358.79709, 218.44775, 456.70950],
        [ 12.56503, 353.23016, 412.89133, 309.41098, 569.74207],
        [ 83.37442, 160.75276, 394.13644, 646.13879, 284.68051],
        [118.05557, 592.40479, 466.90085, 544.74915, 513.06140],
        [694.01050, 363.41364, 443.83823, 297.97400,  23.97890],
        [347.75189, 158.02478, 200.60860, 385.49915, 531.84509],
        [159.52527, 545.58636, 325.72592,  46.82626,  17.88834],
        [359.35913, 609.61371, 428.92923,   0.00000, 348.27991],
        [296.49609, 499.16785, 472.56342, 526.26617, 471.31616],
        [415.56354,  54.55957, 630.39990, 197.29044, 700.00000],
        [593.48492, 199.22530, 617.46338, 125.77878, 267.85471]], device='cuda:0')
Epoch: 1, gbest_position: tensor([[ 33.89527, 120.30690, 399.43674, 399.19962, 259.37277],
        [529.63379, 567.44391, 326.84286, 223.33884, 429.29468],
        [  5.35690, 306.68918, 362.46716, 344.30078, 539.31055],
        [ 49.11067, 157.05194, 368.78561, 634.64606, 319.40076],
        [  6.25839, 558.40601, 487.01685, 546.58960, 479.75592],
        [697.44720, 318.17139, 455.85297, 319.22403,  10.22027],
        [390.63013,  26.49434, 206.67018, 330.76404, 528.23083],
        [ 25.95664, 570.03192, 273.36633,  29.04346,   7.62385],
        [314.79370, 690.87463, 387.26202,   0.00000, 317.18558],
        [352.95505, 549.75452, 425.98224, 487.93878, 436.89725],
        [380.98166,  37.19675, 670.33264, 219.93002, 700.00000],
        [576.92175, 209.73184, 620.30664, 180.15471, 281.08630]], device='cuda:0')
Epoch: 2, gbest_position: tensor([[ 33.89527, 120.30690, 399.43674, 399.19962, 259.37277],
        [529.63379, 567.44391, 326.84286, 223.33884, 429.29468],
        [  5.35690, 306.68918, 362.46716, 344.30078, 539.31055],
        [ 49.11067, 157.05194, 368.78561, 634.64606, 319.40076],
        [  6.25839, 558.40601, 487.01685, 546.58960, 479.75592],
        [697.44720, 318.17139, 455.85297, 319.22403,  10.22027],
        [390.63013,  26.49434, 206.67018, 330.76404, 528.23083],
        [ 25.95664, 570.03192, 273.36633,  29.04346,   7.62385],
        [314.79370, 690.87463, 387.26202,   0.00000, 317.18558],
        [352.95505, 549.75452, 425.98224, 487.93878, 436.89725],
        [380.98166,  37.19675, 670.33264, 219.93002, 700.00000],
        [576.92175, 209.73184, 620.30664, 180.15471, 281.08630]], device='cuda:0')
