Epoch: 0, gbest_position: tensor([[573.02490, 216.22803, 513.48212,  11.12402, 595.96997],
        [194.71390, 181.16302, 110.98114, 135.40993, 130.93158],
        [470.95386, 570.11023, 133.10504, 274.91376, 341.57312],
        [229.46416, 101.58917, 554.22131, 467.13165, 535.74261],
        [575.91211,  67.10889,  86.78785, 112.01965, 603.57928],
        [ 49.12679, 160.54602, 187.22684, 136.81830, 512.33295],
        [633.00305, 365.98389,  71.47275, 586.95532, 306.52213],
        [377.47620, 148.54417, 392.11856, 413.32935, 454.81873],
        [ 66.35365, 147.75890, 113.06061, 207.46417, 109.32040],
        [570.17041,  46.95269, 635.15649,  80.60165,  95.00407],
        [412.45929, 651.32080, 575.95441, 293.65903, 226.71922],
        [107.77982, 602.67896, 524.57166, 591.92224,  46.00647]], device='cuda:0')
Epoch: 1, gbest_position: tensor([[572.94885, 216.31523, 513.48029,  11.17735, 595.88733],
        [194.87105, 181.20515, 111.07026, 135.51111, 130.93686],
        [470.90826, 570.01569, 133.21869, 275.02792, 341.60617],
        [229.50163, 101.67692, 554.24829, 467.03281, 535.66620],
        [575.91699,  67.15221,  86.86298, 112.00875, 603.56781],
        [ 49.16970, 160.51053, 187.16873, 136.88608, 512.31561],
        [632.94684, 366.03253,  71.52370, 586.87994, 306.58466],
        [377.47736, 148.65764, 392.06815, 413.20496, 454.75757],
        [ 66.39265, 147.82103, 113.14796, 207.50751, 109.37713],
        [570.17023,  46.95978, 635.12061,  80.64968,  95.04236],
        [412.36072, 651.28070, 575.85101, 293.55307, 226.66725],
        [107.86662, 602.70587, 524.42981, 591.83362,  46.00349]], device='cuda:0')
Epoch: 2, gbest_position: tensor([[572.94885, 216.31523, 513.48029,  11.17735, 595.88733],
        [194.87105, 181.20515, 111.07026, 135.51111, 130.93686],
        [470.90826, 570.01569, 133.21869, 275.02792, 341.60617],
        [229.50163, 101.67692, 554.24829, 467.03281, 535.66620],
        [575.91699,  67.15221,  86.86298, 112.00875, 603.56781],
        [ 49.16970, 160.51053, 187.16873, 136.88608, 512.31561],
        [632.94684, 366.03253,  71.52370, 586.87994, 306.58466],
        [377.47736, 148.65764, 392.06815, 413.20496, 454.75757],
        [ 66.39265, 147.82103, 113.14796, 207.50751, 109.37713],
        [570.17023,  46.95978, 635.12061,  80.64968,  95.04236],
        [412.36072, 651.28070, 575.85101, 293.55307, 226.66725],
        [107.86662, 602.70587, 524.42981, 591.83362,  46.00349]], device='cuda:0')
