Epoch: 0, gbest_position: tensor([[2.61735e+02, 6.11186e+02, 5.01749e+02, 7.00000e+02, 4.03487e+02],
        [4.61454e+02, 4.47848e+02, 5.15898e+02, 5.46028e+02, 2.08312e+02],
        [1.14564e+02, 3.92123e+02, 3.55002e+02, 3.32638e+02, 5.65194e+02],
        [3.27502e+02, 0.00000e+00, 4.72348e+02, 1.99035e+02, 7.25489e+01],
        [4.29173e+02, 0.00000e+00, 5.52397e+02, 0.00000e+00, 5.24118e+02],
        [5.93803e+02, 5.14199e+02, 5.53289e+02, 2.28033e+01, 5.45654e+02],
        [5.89606e+02, 0.00000e+00, 2.99473e+01, 3.90203e+02, 6.98128e+02],
        [4.99955e+02, 2.25418e-01, 1.13121e+02, 1.87954e+02, 7.26064e+01],
        [5.32135e+02, 1.55486e+02, 9.80845e+01, 1.57274e+02, 6.29677e+02],
        [3.01028e-01, 5.66623e+02, 2.53069e+02, 3.30310e+02, 2.65739e+02]], device='cuda:0')
Epoch: 1, gbest_position: tensor([[252.94981, 576.94617, 469.50729, 687.22668, 425.43805],
        [443.09479, 385.90472, 476.58844, 515.26880, 247.12271],
        [176.75616, 395.87302, 357.08810, 307.78641, 515.52393],
        [366.22974,  11.93257, 372.12115, 222.53299, 106.20214],
        [450.64023,   6.45776, 503.03650,   6.27319, 525.37762],
        [552.62897, 506.03146, 527.66553,  58.67546, 530.18396],
        [534.73877,   5.64431,  38.06121, 447.30435, 683.10730],
        [466.39276,  11.08086, 150.15356, 185.13306, 113.76721],
        [490.34689, 142.97412, 155.96414, 183.76521, 593.46240],
        [ 14.95104, 525.07086, 267.75098, 253.82097, 249.43535]], device='cuda:0')
Epoch: 2, gbest_position: tensor([[252.94981, 576.94617, 469.50729, 687.22668, 425.43805],
        [443.09479, 385.90472, 476.58844, 515.26880, 247.12271],
        [176.75616, 395.87302, 357.08810, 307.78641, 515.52393],
        [366.22974,  11.93257, 372.12115, 222.53299, 106.20214],
        [450.64023,   6.45776, 503.03650,   6.27319, 525.37762],
        [552.62897, 506.03146, 527.66553,  58.67546, 530.18396],
        [534.73877,   5.64431,  38.06121, 447.30435, 683.10730],
        [466.39276,  11.08086, 150.15356, 185.13306, 113.76721],
        [490.34689, 142.97412, 155.96414, 183.76521, 593.46240],
        [ 14.95104, 525.07086, 267.75098, 253.82097, 249.43535]], device='cuda:0')
